==area:4==
@collision:L
182,113:1
183,113:1
184,113:1
185,113:1
201,108:1
201,109:1
202,110:14
202,111:0
202,112:0
203,110:14
203,111:0
203,112:0
@event:L
182,113:8
183,113:8
184,113:8
185,113:8
201,108:1
201,109:1
@tiles0:B(201,110)
1275,1275
1275,1275,1275
1275,1275,1275
,1275
@tiles1:B(182,108)
,,,,,,,,,,,,,,,,,,,32
,,,,,,,,,,,,,,,,,,,32,,0
,,,,,,,,,,,,,,,,,,,-1046,0,0,1300
,,,,,,,,,,,,,,,,,,,-1176,0,0,1300
,,,,,,,,,,,,,,,,,,,-1079,0,1264,1332
1743,1743,1743,1743,,,,,,,,,,,,,,,,-1306,1274,1273,-1305
@tiles3:B(201,110)
334,334,334